INSERT INTO "regle_has_competences" (regle_id, competence_id) VALUES
(1,2),
(2,2),
(3,2),
(4,2),
(5,2),
(6,2),
(7,2),
(8,2),
(9,2),
(10,2),
(11,11),
(12,11),
(13,11),
(14,11),
(15,11),
(16,11),
(17,11),
(18,11),
(19,11),
(20,19),
(21,19),
(22,19),
(23,19),
(24,14),
(25,19),
(26,19),
(27,19),
(28,19),
(29,19),
(30,19),
(31,18),(31,1),
(32,18),(32,1),(32,11),
(33,18),(33,1),(33,11),
(34,18),(34,1),(34,11),
(35,18),(35,1),(35,11),
(36,18),(36,1),
(37,13),(37,1),
(38,12),(38,1),
(39,17),(39,1),
(40,16),(40,1),
(41,14),
(42,15),
(43,14),
(44,14),
(45,14),
(46,15),
(47,15),
(48,15),
(49,5),
(50,5),
(51,5),

(53,3),
(54,4),
(55,10),
(56,9),
(57,8),
(58,7);
